 c
 c
 c  start time:  1994 day 325   0: 0
 c  end time:    1995 day   1   0: 0
 c
 c  interval length:     60 min
 c
 c
 c
 c
 1994.0     325.000000          1994.0     325.041656
 1994.0     325.041656          1994.0     325.083344
 1994.0     325.083344          1994.0     325.125000
 1994.0     325.125000          1994.0     325.166656
 1994.0     325.166656          1994.0     325.208344
 1994.0     325.208344          1994.0     325.250000
 1994.0     325.250000          1994.0     325.291656
 1994.0     325.291656          1994.0     325.333344
 1994.0     325.333344          1994.0     325.375000
 1994.0     325.375000          1994.0     325.416656
 1994.0     325.416656          1994.0     325.458344
 1994.0     325.458344          1994.0     325.500000
 1994.0     325.500000          1994.0     325.541656
 1994.0     325.541656          1994.0     325.583344
 1994.0     325.583344          1994.0     325.625000
 1994.0     325.625000          1994.0     325.666656
 1994.0     325.666656          1994.0     325.708344
 1994.0     325.708344          1994.0     325.750000
 1994.0     325.750000          1994.0     325.791656
 1994.0     325.791656          1994.0     325.833344
 1994.0     325.833344          1994.0     325.875000
 1994.0     325.875000          1994.0     325.916656
 1994.0     325.916656          1994.0     325.958344
 1994.0     325.958344          1994.0     326.000000
 1994.0     326.000000          1994.0     326.041656
 1994.0     326.041656          1994.0     326.083344
 1994.0     326.083344          1994.0     326.125000
 1994.0     326.125000          1994.0     326.166656
 1994.0     326.166656          1994.0     326.208344
 1994.0     326.208344          1994.0     326.250000
 1994.0     326.250000          1994.0     326.291656
 1994.0     326.291656          1994.0     326.333344
 1994.0     326.333344          1994.0     326.375000
 1994.0     326.375000          1994.0     326.416656
 1994.0     326.416656          1994.0     326.458344
 1994.0     326.458344          1994.0     326.500000
 1994.0     326.500000          1994.0     326.541656
 1994.0     326.541656          1994.0     326.583344
 1994.0     326.583344          1994.0     326.625000
 1994.0     326.625000          1994.0     326.666656
 1994.0     326.666656          1994.0     326.708344
 1994.0     326.708344          1994.0     326.750000
 1994.0     326.750000          1994.0     326.791656
 1994.0     326.791656          1994.0     326.833344
 1994.0     326.833344          1994.0     326.875000
 1994.0     326.875000          1994.0     326.916656
 1994.0     326.916656          1994.0     326.958344
 1994.0     326.958344          1994.0     327.000000
 1994.0     327.000000          1994.0     327.041656
 1994.0     327.041656          1994.0     327.083344
 1994.0     327.083344          1994.0     327.125000
 1994.0     327.125000          1994.0     327.166656
 1994.0     327.166656          1994.0     327.208344
 1994.0     327.208344          1994.0     327.250000
 1994.0     327.250000          1994.0     327.291656
 1994.0     327.291656          1994.0     327.333344
 1994.0     327.333344          1994.0     327.375000
 1994.0     327.375000          1994.0     327.416656
 1994.0     327.416656          1994.0     327.458344
 1994.0     327.458344          1994.0     327.500000
 1994.0     327.500000          1994.0     327.541656
 1994.0     327.541656          1994.0     327.583344
 1994.0     327.583344          1994.0     327.625000
 1994.0     327.625000          1994.0     327.666656
 1994.0     327.666656          1994.0     327.708344
 1994.0     327.708344          1994.0     327.750000
 1994.0     327.750000          1994.0     327.791656
 1994.0     327.791656          1994.0     327.833344
 1994.0     327.833344          1994.0     327.875000
 1994.0     327.875000          1994.0     327.916656
 1994.0     327.916656          1994.0     327.958344
 1994.0     327.958344          1994.0     328.000000
 1994.0     328.000000          1994.0     328.041656
 1994.0     328.041656          1994.0     328.083344
 1994.0     328.083344          1994.0     328.125000
 1994.0     328.125000          1994.0     328.166656
 1994.0     328.166656          1994.0     328.208344
 1994.0     328.208344          1994.0     328.250000
 1994.0     328.250000          1994.0     328.291656
 1994.0     328.291656          1994.0     328.333344
 1994.0     328.333344          1994.0     328.375000
 1994.0     328.375000          1994.0     328.416656
 1994.0     328.416656          1994.0     328.458344
 1994.0     328.458344          1994.0     328.500000
 1994.0     328.500000          1994.0     328.541656
 1994.0     328.541656          1994.0     328.583344
 1994.0     328.583344          1994.0     328.625000
 1994.0     328.625000          1994.0     328.666656
 1994.0     328.666656          1994.0     328.708344
 1994.0     328.708344          1994.0     328.750000
 1994.0     328.750000          1994.0     328.791656
 1994.0     328.791656          1994.0     328.833344
 1994.0     328.833344          1994.0     328.875000
 1994.0     328.875000          1994.0     328.916656
 1994.0     328.916656          1994.0     328.958344
 1994.0     328.958344          1994.0     329.000000
 1994.0     329.000000          1994.0     329.041656
 1994.0     329.041656          1994.0     329.083344
 1994.0     329.083344          1994.0     329.125000
 1994.0     329.125000          1994.0     329.166656
 1994.0     329.166656          1994.0     329.208344
 1994.0     329.208344          1994.0     329.250000
 1994.0     329.250000          1994.0     329.291656
 1994.0     329.291656          1994.0     329.333344
 1994.0     329.333344          1994.0     329.375000
 1994.0     329.375000          1994.0     329.416656
 1994.0     329.416656          1994.0     329.458344
 1994.0     329.458344          1994.0     329.500000
 1994.0     329.500000          1994.0     329.541656
 1994.0     329.541656          1994.0     329.583344
 1994.0     329.583344          1994.0     329.625000
 1994.0     329.625000          1994.0     329.666656
 1994.0     329.666656          1994.0     329.708344
 1994.0     329.708344          1994.0     329.750000
 1994.0     329.750000          1994.0     329.791656
 1994.0     329.791656          1994.0     329.833344
 1994.0     329.833344          1994.0     329.875000
 1994.0     329.875000          1994.0     329.916656
 1994.0     329.916656          1994.0     329.958344
 1994.0     329.958344          1994.0     330.000000
 1994.0     330.000000          1994.0     330.041656
 1994.0     330.041656          1994.0     330.083344
 1994.0     330.083344          1994.0     330.125000
 1994.0     330.125000          1994.0     330.166656
 1994.0     330.166656          1994.0     330.208344
 1994.0     330.208344          1994.0     330.250000
 1994.0     330.250000          1994.0     330.291656
 1994.0     330.291656          1994.0     330.333344
 1994.0     330.333344          1994.0     330.375000
 1994.0     330.375000          1994.0     330.416656
 1994.0     330.416656          1994.0     330.458344
 1994.0     330.458344          1994.0     330.500000
 1994.0     330.500000          1994.0     330.541656
 1994.0     330.541656          1994.0     330.583344
 1994.0     330.583344          1994.0     330.625000
 1994.0     330.625000          1994.0     330.666656
 1994.0     330.666656          1994.0     330.708344
 1994.0     330.708344          1994.0     330.750000
 1994.0     330.750000          1994.0     330.791656
 1994.0     330.791656          1994.0     330.833344
 1994.0     330.833344          1994.0     330.875000
 1994.0     330.875000          1994.0     330.916656
 1994.0     330.916656          1994.0     330.958344
 1994.0     330.958344          1994.0     331.000000
 1994.0     331.000000          1994.0     331.041656
 1994.0     331.041656          1994.0     331.083344
 1994.0     331.083344          1994.0     331.125000
 1994.0     331.125000          1994.0     331.166656
 1994.0     331.166656          1994.0     331.208344
 1994.0     331.208344          1994.0     331.250000
 1994.0     331.250000          1994.0     331.291656
 1994.0     331.291656          1994.0     331.333344
 1994.0     331.333344          1994.0     331.375000
 1994.0     331.375000          1994.0     331.416656
 1994.0     331.416656          1994.0     331.458344
 1994.0     331.458344          1994.0     331.500000
 1994.0     331.500000          1994.0     331.541656
 1994.0     331.541656          1994.0     331.583344
 1994.0     331.583344          1994.0     331.625000
 1994.0     331.625000          1994.0     331.666656
 1994.0     331.666656          1994.0     331.708344
 1994.0     331.708344          1994.0     331.750000
 1994.0     331.750000          1994.0     331.791656
 1994.0     331.791656          1994.0     331.833344
 1994.0     331.833344          1994.0     331.875000
 1994.0     331.875000          1994.0     331.916656
 1994.0     331.916656          1994.0     331.958344
 1994.0     331.958344          1994.0     332.000000
 1994.0     332.000000          1994.0     332.041656
 1994.0     332.041656          1994.0     332.083344
 1994.0     332.083344          1994.0     332.125000
 1994.0     332.125000          1994.0     332.166656
 1994.0     332.166656          1994.0     332.208344
 1994.0     332.208344          1994.0     332.250000
 1994.0     332.250000          1994.0     332.291656
 1994.0     332.291656          1994.0     332.333344
 1994.0     332.333344          1994.0     332.375000
 1994.0     332.375000          1994.0     332.416656
 1994.0     332.416656          1994.0     332.458344
 1994.0     332.458344          1994.0     332.500000
 1994.0     332.500000          1994.0     332.541656
 1994.0     332.541656          1994.0     332.583344
 1994.0     332.583344          1994.0     332.625000
 1994.0     332.625000          1994.0     332.666656
 1994.0     332.666656          1994.0     332.708344
 1994.0     332.708344          1994.0     332.750000
 1994.0     332.750000          1994.0     332.791656
 1994.0     332.791656          1994.0     332.833344
 1994.0     332.833344          1994.0     332.875000
 1994.0     332.875000          1994.0     332.916656
 1994.0     332.916656          1994.0     332.958344
 1994.0     332.958344          1994.0     333.000000
 1994.0     333.000000          1994.0     333.041656
 1994.0     333.041656          1994.0     333.083344
 1994.0     333.083344          1994.0     333.125000
 1994.0     333.125000          1994.0     333.166656
 1994.0     333.166656          1994.0     333.208344
 1994.0     333.208344          1994.0     333.250000
 1994.0     333.250000          1994.0     333.291656
 1994.0     333.291656          1994.0     333.333344
 1994.0     333.333344          1994.0     333.375000
 1994.0     333.375000          1994.0     333.416656
 1994.0     333.416656          1994.0     333.458344
 1994.0     333.458344          1994.0     333.500000
 1994.0     333.500000          1994.0     333.541656
 1994.0     333.541656          1994.0     333.583344
 1994.0     333.583344          1994.0     333.625000
 1994.0     333.625000          1994.0     333.666656
 1994.0     333.666656          1994.0     333.708344
 1994.0     333.708344          1994.0     333.750000
 1994.0     333.750000          1994.0     333.791656
 1994.0     333.791656          1994.0     333.833344
 1994.0     333.833344          1994.0     333.875000
 1994.0     333.875000          1994.0     333.916656
 1994.0     333.916656          1994.0     333.958344
 1994.0     333.958344          1994.0     334.000000
 1994.0     334.000000          1994.0     334.041656
 1994.0     334.041656          1994.0     334.083344
 1994.0     334.083344          1994.0     334.125000
 1994.0     334.125000          1994.0     334.166656
 1994.0     334.166656          1994.0     334.208344
 1994.0     334.208344          1994.0     334.250000
 1994.0     334.250000          1994.0     334.291656
 1994.0     334.291656          1994.0     334.333344
 1994.0     334.333344          1994.0     334.375000
 1994.0     334.375000          1994.0     334.416656
 1994.0     334.416656          1994.0     334.458344
 1994.0     334.458344          1994.0     334.500000
 1994.0     334.500000          1994.0     334.541656
 1994.0     334.541656          1994.0     334.583344
 1994.0     334.583344          1994.0     334.625000
 1994.0     334.625000          1994.0     334.666656
 1994.0     334.666656          1994.0     334.708344
 1994.0     334.708344          1994.0     334.750000
 1994.0     334.750000          1994.0     334.791656
 1994.0     334.791656          1994.0     334.833344
 1994.0     334.833344          1994.0     334.875000
 1994.0     334.875000          1994.0     334.916656
 1994.0     334.916656          1994.0     334.958344
 1994.0     334.958344          1994.0     335.000000
 1994.0     335.000000          1994.0     335.041656
 1994.0     335.041656          1994.0     335.083344
 1994.0     335.083344          1994.0     335.125000
 1994.0     335.125000          1994.0     335.166656
 1994.0     335.166656          1994.0     335.208344
 1994.0     335.208344          1994.0     335.250000
 1994.0     335.250000          1994.0     335.291656
 1994.0     335.291656          1994.0     335.333344
 1994.0     335.333344          1994.0     335.375000
 1994.0     335.375000          1994.0     335.416656
 1994.0     335.416656          1994.0     335.458344
 1994.0     335.458344          1994.0     335.500000
 1994.0     335.500000          1994.0     335.541656
 1994.0     335.541656          1994.0     335.583344
 1994.0     335.583344          1994.0     335.625000
 1994.0     335.625000          1994.0     335.666656
 1994.0     335.666656          1994.0     335.708344
 1994.0     335.708344          1994.0     335.750000
 1994.0     335.750000          1994.0     335.791656
 1994.0     335.791656          1994.0     335.833344
 1994.0     335.833344          1994.0     335.875000
 1994.0     335.875000          1994.0     335.916656
 1994.0     335.916656          1994.0     335.958344
 1994.0     335.958344          1994.0     336.000000
 1994.0     336.000000          1994.0     336.041656
 1994.0     336.041656          1994.0     336.083344
 1994.0     336.083344          1994.0     336.125000
 1994.0     336.125000          1994.0     336.166656
 1994.0     336.166656          1994.0     336.208344
 1994.0     336.208344          1994.0     336.250000
 1994.0     336.250000          1994.0     336.291656
 1994.0     336.291656          1994.0     336.333344
 1994.0     336.333344          1994.0     336.375000
 1994.0     336.375000          1994.0     336.416656
 1994.0     336.416656          1994.0     336.458344
 1994.0     336.458344          1994.0     336.500000
 1994.0     336.500000          1994.0     336.541656
 1994.0     336.541656          1994.0     336.583344
 1994.0     336.583344          1994.0     336.625000
 1994.0     336.625000          1994.0     336.666656
 1994.0     336.666656          1994.0     336.708344
 1994.0     336.708344          1994.0     336.750000
 1994.0     336.750000          1994.0     336.791656
 1994.0     336.791656          1994.0     336.833344
 1994.0     336.833344          1994.0     336.875000
 1994.0     336.875000          1994.0     336.916656
 1994.0     336.916656          1994.0     336.958344
 1994.0     336.958344          1994.0     337.000000
 1994.0     337.000000          1994.0     337.041656
 1994.0     337.041656          1994.0     337.083344
 1994.0     337.083344          1994.0     337.125000
 1994.0     337.125000          1994.0     337.166656
 1994.0     337.166656          1994.0     337.208344
 1994.0     337.208344          1994.0     337.250000
 1994.0     337.250000          1994.0     337.291656
 1994.0     337.291656          1994.0     337.333344
 1994.0     337.333344          1994.0     337.375000
 1994.0     337.375000          1994.0     337.416656
 1994.0     337.416656          1994.0     337.458344
 1994.0     337.458344          1994.0     337.500000
 1994.0     337.500000          1994.0     337.541656
 1994.0     337.541656          1994.0     337.583344
 1994.0     337.583344          1994.0     337.625000
 1994.0     337.625000          1994.0     337.666656
 1994.0     337.666656          1994.0     337.708344
 1994.0     337.708344          1994.0     337.750000
 1994.0     337.750000          1994.0     337.791656
 1994.0     337.791656          1994.0     337.833344
 1994.0     337.833344          1994.0     337.875000
 1994.0     337.875000          1994.0     337.916656
 1994.0     337.916656          1994.0     337.958344
 1994.0     337.958344          1994.0     338.000000
 1994.0     338.000000          1994.0     338.041656
 1994.0     338.041656          1994.0     338.083344
 1994.0     338.083344          1994.0     338.125000
 1994.0     338.125000          1994.0     338.166656
 1994.0     338.166656          1994.0     338.208344
 1994.0     338.208344          1994.0     338.250000
 1994.0     338.250000          1994.0     338.291656
 1994.0     338.291656          1994.0     338.333344
 1994.0     338.333344          1994.0     338.375000
 1994.0     338.375000          1994.0     338.416656
 1994.0     338.416656          1994.0     338.458344
 1994.0     338.458344          1994.0     338.500000
 1994.0     338.500000          1994.0     338.541656
 1994.0     338.541656          1994.0     338.583344
 1994.0     338.583344          1994.0     338.625000
 1994.0     338.625000          1994.0     338.666656
 1994.0     338.666656          1994.0     338.708344
 1994.0     338.708344          1994.0     338.750000
 1994.0     338.750000          1994.0     338.791656
 1994.0     338.791656          1994.0     338.833344
 1994.0     338.833344          1994.0     338.875000
 1994.0     338.875000          1994.0     338.916656
 1994.0     338.916656          1994.0     338.958344
 1994.0     338.958344          1994.0     339.000000
 1994.0     339.000000          1994.0     339.041656
 1994.0     339.041656          1994.0     339.083344
 1994.0     339.083344          1994.0     339.125000
 1994.0     339.125000          1994.0     339.166656
 1994.0     339.166656          1994.0     339.208344
 1994.0     339.208344          1994.0     339.250000
 1994.0     339.250000          1994.0     339.291656
 1994.0     339.291656          1994.0     339.333344
 1994.0     339.333344          1994.0     339.375000
 1994.0     339.375000          1994.0     339.416656
 1994.0     339.416656          1994.0     339.458344
 1994.0     339.458344          1994.0     339.500000
 1994.0     339.500000          1994.0     339.541656
 1994.0     339.541656          1994.0     339.583344
 1994.0     339.583344          1994.0     339.625000
 1994.0     339.625000          1994.0     339.666656
 1994.0     339.666656          1994.0     339.708344
 1994.0     339.708344          1994.0     339.750000
 1994.0     339.750000          1994.0     339.791656
 1994.0     339.791656          1994.0     339.833344
 1994.0     339.833344          1994.0     339.875000
 1994.0     339.875000          1994.0     339.916656
 1994.0     339.916656          1994.0     339.958344
 1994.0     339.958344          1994.0     340.000000
 1994.0     340.000000          1994.0     340.041656
 1994.0     340.041656          1994.0     340.083344
 1994.0     340.083344          1994.0     340.125000
 1994.0     340.125000          1994.0     340.166656
 1994.0     340.166656          1994.0     340.208344
 1994.0     340.208344          1994.0     340.250000
 1994.0     340.250000          1994.0     340.291656
 1994.0     340.291656          1994.0     340.333344
 1994.0     340.333344          1994.0     340.375000
 1994.0     340.375000          1994.0     340.416656
 1994.0     340.416656          1994.0     340.458344
 1994.0     340.458344          1994.0     340.500000
 1994.0     340.500000          1994.0     340.541656
 1994.0     340.541656          1994.0     340.583344
 1994.0     340.583344          1994.0     340.625000
 1994.0     340.625000          1994.0     340.666656
 1994.0     340.666656          1994.0     340.708344
 1994.0     340.708344          1994.0     340.750000
 1994.0     340.750000          1994.0     340.791656
 1994.0     340.791656          1994.0     340.833344
 1994.0     340.833344          1994.0     340.875000
 1994.0     340.875000          1994.0     340.916656
 1994.0     340.916656          1994.0     340.958344
 1994.0     340.958344          1994.0     341.000000
 1994.0     341.000000          1994.0     341.041656
 1994.0     341.041656          1994.0     341.083344
 1994.0     341.083344          1994.0     341.125000
 1994.0     341.125000          1994.0     341.166656
 1994.0     341.166656          1994.0     341.208344
 1994.0     341.208344          1994.0     341.250000
 1994.0     341.250000          1994.0     341.291656
 1994.0     341.291656          1994.0     341.333344
 1994.0     341.333344          1994.0     341.375000
 1994.0     341.375000          1994.0     341.416656
 1994.0     341.416656          1994.0     341.458344
 1994.0     341.458344          1994.0     341.500000
 1994.0     341.500000          1994.0     341.541656
 1994.0     341.541656          1994.0     341.583344
 1994.0     341.583344          1994.0     341.625000
 1994.0     341.625000          1994.0     341.666656
 1994.0     341.666656          1994.0     341.708344
 1994.0     341.708344          1994.0     341.750000
 1994.0     341.750000          1994.0     341.791656
 1994.0     341.791656          1994.0     341.833344
 1994.0     341.833344          1994.0     341.875000
 1994.0     341.875000          1994.0     341.916656
 1994.0     341.916656          1994.0     341.958344
 1994.0     341.958344          1994.0     342.000000
 1994.0     342.000000          1994.0     342.041656
 1994.0     342.041656          1994.0     342.083344
 1994.0     342.083344          1994.0     342.125000
 1994.0     342.125000          1994.0     342.166656
 1994.0     342.166656          1994.0     342.208344
 1994.0     342.208344          1994.0     342.250000
 1994.0     342.250000          1994.0     342.291656
 1994.0     342.291656          1994.0     342.333344
 1994.0     342.333344          1994.0     342.375000
 1994.0     342.375000          1994.0     342.416656
 1994.0     342.416656          1994.0     342.458344
 1994.0     342.458344          1994.0     342.500000
 1994.0     342.500000          1994.0     342.541656
 1994.0     342.541656          1994.0     342.583344
 1994.0     342.583344          1994.0     342.625000
 1994.0     342.625000          1994.0     342.666656
 1994.0     342.666656          1994.0     342.708344
 1994.0     342.708344          1994.0     342.750000
 1994.0     342.750000          1994.0     342.791656
 1994.0     342.791656          1994.0     342.833344
 1994.0     342.833344          1994.0     342.875000
 1994.0     342.875000          1994.0     342.916656
 1994.0     342.916656          1994.0     342.958344
 1994.0     342.958344          1994.0     343.000000
 1994.0     343.000000          1994.0     343.041656
 1994.0     343.041656          1994.0     343.083344
 1994.0     343.083344          1994.0     343.125000
 1994.0     343.125000          1994.0     343.166656
 1994.0     343.166656          1994.0     343.208344
 1994.0     343.208344          1994.0     343.250000
 1994.0     343.250000          1994.0     343.291656
 1994.0     343.291656          1994.0     343.333344
 1994.0     343.333344          1994.0     343.375000
 1994.0     343.375000          1994.0     343.416656
 1994.0     343.416656          1994.0     343.458344
 1994.0     343.458344          1994.0     343.500000
 1994.0     343.500000          1994.0     343.541656
 1994.0     343.541656          1994.0     343.583344
 1994.0     343.583344          1994.0     343.625000
 1994.0     343.625000          1994.0     343.666656
 1994.0     343.666656          1994.0     343.708344
 1994.0     343.708344          1994.0     343.750000
 1994.0     343.750000          1994.0     343.791656
 1994.0     343.791656          1994.0     343.833344
 1994.0     343.833344          1994.0     343.875000
 1994.0     343.875000          1994.0     343.916656
 1994.0     343.916656          1994.0     343.958344
 1994.0     343.958344          1994.0     344.000000
 1994.0     344.000000          1994.0     344.041656
 1994.0     344.041656          1994.0     344.083344
 1994.0     344.083344          1994.0     344.125000
 1994.0     344.125000          1994.0     344.166656
 1994.0     344.166656          1994.0     344.208344
 1994.0     344.208344          1994.0     344.250000
 1994.0     344.250000          1994.0     344.291656
 1994.0     344.291656          1994.0     344.333344
 1994.0     344.333344          1994.0     344.375000
 1994.0     344.375000          1994.0     344.416656
 1994.0     344.416656          1994.0     344.458344
 1994.0     344.458344          1994.0     344.500000
 1994.0     344.500000          1994.0     344.541656
 1994.0     344.541656          1994.0     344.583344
 1994.0     344.583344          1994.0     344.625000
 1994.0     344.625000          1994.0     344.666656
 1994.0     344.666656          1994.0     344.708344
 1994.0     344.708344          1994.0     344.750000
 1994.0     344.750000          1994.0     344.791656
 1994.0     344.791656          1994.0     344.833344
 1994.0     344.833344          1994.0     344.875000
 1994.0     344.875000          1994.0     344.916656
 1994.0     344.916656          1994.0     344.958344
 1994.0     344.958344          1994.0     345.000000
 1994.0     345.000000          1994.0     345.041656
 1994.0     345.041656          1994.0     345.083344
 1994.0     345.083344          1994.0     345.125000
 1994.0     345.125000          1994.0     345.166656
 1994.0     345.166656          1994.0     345.208344
 1994.0     345.208344          1994.0     345.250000
 1994.0     345.250000          1994.0     345.291656
 1994.0     345.291656          1994.0     345.333344
 1994.0     345.333344          1994.0     345.375000
 1994.0     345.375000          1994.0     345.416656
 1994.0     345.416656          1994.0     345.458344
 1994.0     345.458344          1994.0     345.500000
 1994.0     345.500000          1994.0     345.541656
 1994.0     345.541656          1994.0     345.583344
 1994.0     345.583344          1994.0     345.625000
 1994.0     345.625000          1994.0     345.666656
 1994.0     345.666656          1994.0     345.708344
 1994.0     345.708344          1994.0     345.750000
 1994.0     345.750000          1994.0     345.791656
 1994.0     345.791656          1994.0     345.833344
 1994.0     345.833344          1994.0     345.875000
 1994.0     345.875000          1994.0     345.916656
 1994.0     345.916656          1994.0     345.958344
 1994.0     345.958344          1994.0     346.000000
 1994.0     346.000000          1994.0     346.041656
 1994.0     346.041656          1994.0     346.083344
 1994.0     346.083344          1994.0     346.125000
 1994.0     346.125000          1994.0     346.166656
 1994.0     346.166656          1994.0     346.208344
 1994.0     346.208344          1994.0     346.250000
 1994.0     346.250000          1994.0     346.291656
 1994.0     346.291656          1994.0     346.333344
 1994.0     346.333344          1994.0     346.375000
 1994.0     346.375000          1994.0     346.416656
 1994.0     346.416656          1994.0     346.458344
 1994.0     346.458344          1994.0     346.500000
 1994.0     346.500000          1994.0     346.541656
 1994.0     346.541656          1994.0     346.583344
 1994.0     346.583344          1994.0     346.625000
 1994.0     346.625000          1994.0     346.666656
 1994.0     346.666656          1994.0     346.708344
 1994.0     346.708344          1994.0     346.750000
 1994.0     346.750000          1994.0     346.791656
 1994.0     346.791656          1994.0     346.833344
 1994.0     346.833344          1994.0     346.875000
 1994.0     346.875000          1994.0     346.916656
 1994.0     346.916656          1994.0     346.958344
 1994.0     346.958344          1994.0     347.000000
 1994.0     347.000000          1994.0     347.041656
 1994.0     347.041656          1994.0     347.083344
 1994.0     347.083344          1994.0     347.125000
 1994.0     347.125000          1994.0     347.166656
 1994.0     347.166656          1994.0     347.208344
 1994.0     347.208344          1994.0     347.250000
 1994.0     347.250000          1994.0     347.291656
 1994.0     347.291656          1994.0     347.333344
 1994.0     347.333344          1994.0     347.375000
 1994.0     347.375000          1994.0     347.416656
 1994.0     347.416656          1994.0     347.458344
 1994.0     347.458344          1994.0     347.500000
 1994.0     347.500000          1994.0     347.541656
 1994.0     347.541656          1994.0     347.583344
 1994.0     347.583344          1994.0     347.625000
 1994.0     347.625000          1994.0     347.666656
 1994.0     347.666656          1994.0     347.708344
 1994.0     347.708344          1994.0     347.750000
 1994.0     347.750000          1994.0     347.791656
 1994.0     347.791656          1994.0     347.833344
 1994.0     347.833344          1994.0     347.875000
 1994.0     347.875000          1994.0     347.916656
 1994.0     347.916656          1994.0     347.958344
 1994.0     347.958344          1994.0     348.000000
 1994.0     348.000000          1994.0     348.041656
 1994.0     348.041656          1994.0     348.083344
 1994.0     348.083344          1994.0     348.125000
 1994.0     348.125000          1994.0     348.166656
 1994.0     348.166656          1994.0     348.208344
 1994.0     348.208344          1994.0     348.250000
 1994.0     348.250000          1994.0     348.291656
 1994.0     348.291656          1994.0     348.333344
 1994.0     348.333344          1994.0     348.375000
 1994.0     348.375000          1994.0     348.416656
 1994.0     348.416656          1994.0     348.458344
 1994.0     348.458344          1994.0     348.500000
 1994.0     348.500000          1994.0     348.541656
 1994.0     348.541656          1994.0     348.583344
 1994.0     348.583344          1994.0     348.625000
 1994.0     348.625000          1994.0     348.666656
 1994.0     348.666656          1994.0     348.708344
 1994.0     348.708344          1994.0     348.750000
 1994.0     348.750000          1994.0     348.791656
 1994.0     348.791656          1994.0     348.833344
 1994.0     348.833344          1994.0     348.875000
 1994.0     348.875000          1994.0     348.916656
 1994.0     348.916656          1994.0     348.958344
 1994.0     348.958344          1994.0     349.000000
 1994.0     349.000000          1994.0     349.041656
 1994.0     349.041656          1994.0     349.083344
 1994.0     349.083344          1994.0     349.125000
 1994.0     349.125000          1994.0     349.166656
 1994.0     349.166656          1994.0     349.208344
 1994.0     349.208344          1994.0     349.250000
 1994.0     349.250000          1994.0     349.291656
 1994.0     349.291656          1994.0     349.333344
 1994.0     349.333344          1994.0     349.375000
 1994.0     349.375000          1994.0     349.416656
 1994.0     349.416656          1994.0     349.458344
 1994.0     349.458344          1994.0     349.500000
 1994.0     349.500000          1994.0     349.541656
 1994.0     349.541656          1994.0     349.583344
 1994.0     349.583344          1994.0     349.625000
 1994.0     349.625000          1994.0     349.666656
 1994.0     349.666656          1994.0     349.708344
 1994.0     349.708344          1994.0     349.750000
 1994.0     349.750000          1994.0     349.791656
 1994.0     349.791656          1994.0     349.833344
 1994.0     349.833344          1994.0     349.875000
 1994.0     349.875000          1994.0     349.916656
 1994.0     349.916656          1994.0     349.958344
 1994.0     349.958344          1994.0     350.000000
 1994.0     350.000000          1994.0     350.041656
 1994.0     350.041656          1994.0     350.083344
 1994.0     350.083344          1994.0     350.125000
 1994.0     350.125000          1994.0     350.166656
 1994.0     350.166656          1994.0     350.208344
 1994.0     350.208344          1994.0     350.250000
 1994.0     350.250000          1994.0     350.291656
 1994.0     350.291656          1994.0     350.333344
 1994.0     350.333344          1994.0     350.375000
 1994.0     350.375000          1994.0     350.416656
 1994.0     350.416656          1994.0     350.458344
 1994.0     350.458344          1994.0     350.500000
 1994.0     350.500000          1994.0     350.541656
 1994.0     350.541656          1994.0     350.583344
 1994.0     350.583344          1994.0     350.625000
 1994.0     350.625000          1994.0     350.666656
 1994.0     350.666656          1994.0     350.708344
 1994.0     350.708344          1994.0     350.750000
 1994.0     350.750000          1994.0     350.791656
 1994.0     350.791656          1994.0     350.833344
 1994.0     350.833344          1994.0     350.875000
 1994.0     350.875000          1994.0     350.916656
 1994.0     350.916656          1994.0     350.958344
 1994.0     350.958344          1994.0     351.000000
 1994.0     351.000000          1994.0     351.041656
 1994.0     351.041656          1994.0     351.083344
 1994.0     351.083344          1994.0     351.125000
 1994.0     351.125000          1994.0     351.166656
 1994.0     351.166656          1994.0     351.208344
 1994.0     351.208344          1994.0     351.250000
 1994.0     351.250000          1994.0     351.291656
 1994.0     351.291656          1994.0     351.333344
 1994.0     351.333344          1994.0     351.375000
 1994.0     351.375000          1994.0     351.416656
 1994.0     351.416656          1994.0     351.458344
 1994.0     351.458344          1994.0     351.500000
 1994.0     351.500000          1994.0     351.541656
 1994.0     351.541656          1994.0     351.583344
 1994.0     351.583344          1994.0     351.625000
 1994.0     351.625000          1994.0     351.666656
 1994.0     351.666656          1994.0     351.708344
 1994.0     351.708344          1994.0     351.750000
 1994.0     351.750000          1994.0     351.791656
 1994.0     351.791656          1994.0     351.833344
 1994.0     351.833344          1994.0     351.875000
 1994.0     351.875000          1994.0     351.916656
 1994.0     351.916656          1994.0     351.958344
 1994.0     351.958344          1994.0     352.000000
 1994.0     352.000000          1994.0     352.041656
 1994.0     352.041656          1994.0     352.083344
 1994.0     352.083344          1994.0     352.125000
 1994.0     352.125000          1994.0     352.166656
 1994.0     352.166656          1994.0     352.208344
 1994.0     352.208344          1994.0     352.250000
 1994.0     352.250000          1994.0     352.291656
 1994.0     352.291656          1994.0     352.333344
 1994.0     352.333344          1994.0     352.375000
 1994.0     352.375000          1994.0     352.416656
 1994.0     352.416656          1994.0     352.458344
 1994.0     352.458344          1994.0     352.500000
 1994.0     352.500000          1994.0     352.541656
 1994.0     352.541656          1994.0     352.583344
 1994.0     352.583344          1994.0     352.625000
 1994.0     352.625000          1994.0     352.666656
 1994.0     352.666656          1994.0     352.708344
 1994.0     352.708344          1994.0     352.750000
 1994.0     352.750000          1994.0     352.791656
 1994.0     352.791656          1994.0     352.833344
 1994.0     352.833344          1994.0     352.875000
 1994.0     352.875000          1994.0     352.916656
 1994.0     352.916656          1994.0     352.958344
 1994.0     352.958344          1994.0     353.000000
 1994.0     353.000000          1994.0     353.041656
 1994.0     353.041656          1994.0     353.083344
 1994.0     353.083344          1994.0     353.125000
 1994.0     353.125000          1994.0     353.166656
 1994.0     353.166656          1994.0     353.208344
 1994.0     353.208344          1994.0     353.250000
 1994.0     353.250000          1994.0     353.291656
 1994.0     353.291656          1994.0     353.333344
 1994.0     353.333344          1994.0     353.375000
 1994.0     353.375000          1994.0     353.416656
 1994.0     353.416656          1994.0     353.458344
 1994.0     353.458344          1994.0     353.500000
 1994.0     353.500000          1994.0     353.541656
 1994.0     353.541656          1994.0     353.583344
 1994.0     353.583344          1994.0     353.625000
 1994.0     353.625000          1994.0     353.666656
 1994.0     353.666656          1994.0     353.708344
 1994.0     353.708344          1994.0     353.750000
 1994.0     353.750000          1994.0     353.791656
 1994.0     353.791656          1994.0     353.833344
 1994.0     353.833344          1994.0     353.875000
 1994.0     353.875000          1994.0     353.916656
 1994.0     353.916656          1994.0     353.958344
 1994.0     353.958344          1994.0     354.000000
 1994.0     354.000000          1994.0     354.041656
 1994.0     354.041656          1994.0     354.083344
 1994.0     354.083344          1994.0     354.125000
 1994.0     354.125000          1994.0     354.166656
 1994.0     354.166656          1994.0     354.208344
 1994.0     354.208344          1994.0     354.250000
 1994.0     354.250000          1994.0     354.291656
 1994.0     354.291656          1994.0     354.333344
 1994.0     354.333344          1994.0     354.375000
 1994.0     354.375000          1994.0     354.416656
 1994.0     354.416656          1994.0     354.458344
 1994.0     354.458344          1994.0     354.500000
 1994.0     354.500000          1994.0     354.541656
 1994.0     354.541656          1994.0     354.583344
 1994.0     354.583344          1994.0     354.625000
 1994.0     354.625000          1994.0     354.666656
 1994.0     354.666656          1994.0     354.708344
 1994.0     354.708344          1994.0     354.750000
 1994.0     354.750000          1994.0     354.791656
 1994.0     354.791656          1994.0     354.833344
 1994.0     354.833344          1994.0     354.875000
 1994.0     354.875000          1994.0     354.916656
 1994.0     354.916656          1994.0     354.958344
 1994.0     354.958344          1994.0     355.000000
 1994.0     355.000000          1994.0     355.041656
 1994.0     355.041656          1994.0     355.083344
 1994.0     355.083344          1994.0     355.125000
 1994.0     355.125000          1994.0     355.166656
 1994.0     355.166656          1994.0     355.208344
 1994.0     355.208344          1994.0     355.250000
 1994.0     355.250000          1994.0     355.291656
 1994.0     355.291656          1994.0     355.333344
 1994.0     355.333344          1994.0     355.375000
 1994.0     355.375000          1994.0     355.416656
 1994.0     355.416656          1994.0     355.458344
 1994.0     355.458344          1994.0     355.500000
 1994.0     355.500000          1994.0     355.541656
 1994.0     355.541656          1994.0     355.583344
 1994.0     355.583344          1994.0     355.625000
 1994.0     355.625000          1994.0     355.666656
 1994.0     355.666656          1994.0     355.708344
 1994.0     355.708344          1994.0     355.750000
 1994.0     355.750000          1994.0     355.791656
 1994.0     355.791656          1994.0     355.833344
 1994.0     355.833344          1994.0     355.875000
 1994.0     355.875000          1994.0     355.916656
 1994.0     355.916656          1994.0     355.958344
 1994.0     355.958344          1994.0     356.000000
 1994.0     356.000000          1994.0     356.041656
 1994.0     356.041656          1994.0     356.083344
 1994.0     356.083344          1994.0     356.125000
 1994.0     356.125000          1994.0     356.166656
 1994.0     356.166656          1994.0     356.208344
 1994.0     356.208344          1994.0     356.250000
 1994.0     356.250000          1994.0     356.291656
 1994.0     356.291656          1994.0     356.333344
 1994.0     356.333344          1994.0     356.375000
 1994.0     356.375000          1994.0     356.416656
 1994.0     356.416656          1994.0     356.458344
 1994.0     356.458344          1994.0     356.500000
 1994.0     356.500000          1994.0     356.541656
 1994.0     356.541656          1994.0     356.583344
 1994.0     356.583344          1994.0     356.625000
 1994.0     356.625000          1994.0     356.666656
 1994.0     356.666656          1994.0     356.708344
 1994.0     356.708344          1994.0     356.750000
 1994.0     356.750000          1994.0     356.791656
 1994.0     356.791656          1994.0     356.833344
 1994.0     356.833344          1994.0     356.875000
 1994.0     356.875000          1994.0     356.916656
 1994.0     356.916656          1994.0     356.958344
 1994.0     356.958344          1994.0     357.000000
 1994.0     357.000000          1994.0     357.041656
 1994.0     357.041656          1994.0     357.083344
 1994.0     357.083344          1994.0     357.125000
 1994.0     357.125000          1994.0     357.166656
 1994.0     357.166656          1994.0     357.208344
 1994.0     357.208344          1994.0     357.250000
 1994.0     357.250000          1994.0     357.291656
 1994.0     357.291656          1994.0     357.333344
 1994.0     357.333344          1994.0     357.375000
 1994.0     357.375000          1994.0     357.416656
 1994.0     357.416656          1994.0     357.458344
 1994.0     357.458344          1994.0     357.500000
 1994.0     357.500000          1994.0     357.541656
 1994.0     357.541656          1994.0     357.583344
 1994.0     357.583344          1994.0     357.625000
 1994.0     357.625000          1994.0     357.666656
 1994.0     357.666656          1994.0     357.708344
 1994.0     357.708344          1994.0     357.750000
 1994.0     357.750000          1994.0     357.791656
 1994.0     357.791656          1994.0     357.833344
 1994.0     357.833344          1994.0     357.875000
 1994.0     357.875000          1994.0     357.916656
 1994.0     357.916656          1994.0     357.958344
 1994.0     357.958344          1994.0     358.000000
 1994.0     358.000000          1994.0     358.041656
 1994.0     358.041656          1994.0     358.083344
 1994.0     358.083344          1994.0     358.125000
 1994.0     358.125000          1994.0     358.166656
 1994.0     358.166656          1994.0     358.208344
 1994.0     358.208344          1994.0     358.250000
 1994.0     358.250000          1994.0     358.291656
 1994.0     358.291656          1994.0     358.333344
 1994.0     358.333344          1994.0     358.375000
 1994.0     358.375000          1994.0     358.416656
 1994.0     358.416656          1994.0     358.458344
 1994.0     358.458344          1994.0     358.500000
 1994.0     358.500000          1994.0     358.541656
 1994.0     358.541656          1994.0     358.583344
 1994.0     358.583344          1994.0     358.625000
 1994.0     358.625000          1994.0     358.666656
 1994.0     358.666656          1994.0     358.708344
 1994.0     358.708344          1994.0     358.750000
 1994.0     358.750000          1994.0     358.791656
 1994.0     358.791656          1994.0     358.833344
 1994.0     358.833344          1994.0     358.875000
 1994.0     358.875000          1994.0     358.916656
 1994.0     358.916656          1994.0     358.958344
 1994.0     358.958344          1994.0     359.000000
 1994.0     359.000000          1994.0     359.041656
 1994.0     359.041656          1994.0     359.083344
 1994.0     359.083344          1994.0     359.125000
 1994.0     359.125000          1994.0     359.166656
 1994.0     359.166656          1994.0     359.208344
 1994.0     359.208344          1994.0     359.250000
 1994.0     359.250000          1994.0     359.291656
 1994.0     359.291656          1994.0     359.333344
 1994.0     359.333344          1994.0     359.375000
 1994.0     359.375000          1994.0     359.416656
 1994.0     359.416656          1994.0     359.458344
 1994.0     359.458344          1994.0     359.500000
 1994.0     359.500000          1994.0     359.541656
 1994.0     359.541656          1994.0     359.583344
 1994.0     359.583344          1994.0     359.625000
 1994.0     359.625000          1994.0     359.666656
 1994.0     359.666656          1994.0     359.708344
 1994.0     359.708344          1994.0     359.750000
 1994.0     359.750000          1994.0     359.791656
 1994.0     359.791656          1994.0     359.833344
 1994.0     359.833344          1994.0     359.875000
 1994.0     359.875000          1994.0     359.916656
 1994.0     359.916656          1994.0     359.958344
 1994.0     359.958344          1994.0     360.000000
 1994.0     360.000000          1994.0     360.041656
 1994.0     360.041656          1994.0     360.083344
 1994.0     360.083344          1994.0     360.125000
 1994.0     360.125000          1994.0     360.166656
 1994.0     360.166656          1994.0     360.208344
 1994.0     360.208344          1994.0     360.250000
 1994.0     360.250000          1994.0     360.291656
 1994.0     360.291656          1994.0     360.333344
 1994.0     360.333344          1994.0     360.375000
 1994.0     360.375000          1994.0     360.416656
 1994.0     360.416656          1994.0     360.458344
 1994.0     360.458344          1994.0     360.500000
 1994.0     360.500000          1994.0     360.541656
 1994.0     360.541656          1994.0     360.583344
 1994.0     360.583344          1994.0     360.625000
 1994.0     360.625000          1994.0     360.666656
 1994.0     360.666656          1994.0     360.708344
 1994.0     360.708344          1994.0     360.750000
 1994.0     360.750000          1994.0     360.791656
 1994.0     360.791656          1994.0     360.833344
 1994.0     360.833344          1994.0     360.875000
 1994.0     360.875000          1994.0     360.916656
 1994.0     360.916656          1994.0     360.958344
 1994.0     360.958344          1994.0     361.000000
 1994.0     361.000000          1994.0     361.041656
 1994.0     361.041656          1994.0     361.083344
 1994.0     361.083344          1994.0     361.125000
 1994.0     361.125000          1994.0     361.166656
 1994.0     361.166656          1994.0     361.208344
 1994.0     361.208344          1994.0     361.250000
 1994.0     361.250000          1994.0     361.291656
 1994.0     361.291656          1994.0     361.333344
 1994.0     361.333344          1994.0     361.375000
 1994.0     361.375000          1994.0     361.416656
 1994.0     361.416656          1994.0     361.458344
 1994.0     361.458344          1994.0     361.500000
 1994.0     361.500000          1994.0     361.541656
 1994.0     361.541656          1994.0     361.583344
 1994.0     361.583344          1994.0     361.625000
 1994.0     361.625000          1994.0     361.666656
 1994.0     361.666656          1994.0     361.708344
 1994.0     361.708344          1994.0     361.750000
 1994.0     361.750000          1994.0     361.791656
 1994.0     361.791656          1994.0     361.833344
 1994.0     361.833344          1994.0     361.875000
 1994.0     361.875000          1994.0     361.916656
 1994.0     361.916656          1994.0     361.958344
 1994.0     361.958344          1994.0     362.000000
 1994.0     362.000000          1994.0     362.041656
 1994.0     362.041656          1994.0     362.083344
 1994.0     362.083344          1994.0     362.125000
 1994.0     362.125000          1994.0     362.166656
 1994.0     362.166656          1994.0     362.208344
 1994.0     362.208344          1994.0     362.250000
 1994.0     362.250000          1994.0     362.291656
 1994.0     362.291656          1994.0     362.333344
 1994.0     362.333344          1994.0     362.375000
 1994.0     362.375000          1994.0     362.416656
 1994.0     362.416656          1994.0     362.458344
 1994.0     362.458344          1994.0     362.500000
 1994.0     362.500000          1994.0     362.541656
 1994.0     362.541656          1994.0     362.583344
 1994.0     362.583344          1994.0     362.625000
 1994.0     362.625000          1994.0     362.666656
 1994.0     362.666656          1994.0     362.708344
 1994.0     362.708344          1994.0     362.750000
 1994.0     362.750000          1994.0     362.791656
 1994.0     362.791656          1994.0     362.833344
 1994.0     362.833344          1994.0     362.875000
 1994.0     362.875000          1994.0     362.916656
 1994.0     362.916656          1994.0     362.958344
 1994.0     362.958344          1994.0     363.000000
 1994.0     363.000000          1994.0     363.041656
 1994.0     363.041656          1994.0     363.083344
 1994.0     363.083344          1994.0     363.125000
 1994.0     363.125000          1994.0     363.166656
 1994.0     363.166656          1994.0     363.208344
 1994.0     363.208344          1994.0     363.250000
 1994.0     363.250000          1994.0     363.291656
 1994.0     363.291656          1994.0     363.333344
 1994.0     363.333344          1994.0     363.375000
 1994.0     363.375000          1994.0     363.416656
 1994.0     363.416656          1994.0     363.458344
 1994.0     363.458344          1994.0     363.500000
 1994.0     363.500000          1994.0     363.541656
 1994.0     363.541656          1994.0     363.583344
 1994.0     363.583344          1994.0     363.625000
 1994.0     363.625000          1994.0     363.666656
 1994.0     363.666656          1994.0     363.708344
 1994.0     363.708344          1994.0     363.750000
 1994.0     363.750000          1994.0     363.791656
 1994.0     363.791656          1994.0     363.833344
 1994.0     363.833344          1994.0     363.875000
 1994.0     363.875000          1994.0     363.916656
 1994.0     363.916656          1994.0     363.958344
 1994.0     363.958344          1994.0     364.000000
 1994.0     364.000000          1994.0     364.041656
 1994.0     364.041656          1994.0     364.083344
 1994.0     364.083344          1994.0     364.125000
 1994.0     364.125000          1994.0     364.166656
 1994.0     364.166656          1994.0     364.208344
 1994.0     364.208344          1994.0     364.250000
 1994.0     364.250000          1994.0     364.291656
 1994.0     364.291656          1994.0     364.333344
 1994.0     364.333344          1994.0     364.375000
 1994.0     364.375000          1994.0     364.416656
 1994.0     364.416656          1994.0     364.458344
 1994.0     364.458344          1994.0     364.500000
 1994.0     364.500000          1994.0     364.541656
 1994.0     364.541656          1994.0     364.583344
 1994.0     364.583344          1994.0     364.625000
 1994.0     364.625000          1994.0     364.666656
 1994.0     364.666656          1994.0     364.708344
 1994.0     364.708344          1994.0     364.750000
 1994.0     364.750000          1994.0     364.791656
 1994.0     364.791656          1994.0     364.833344
 1994.0     364.833344          1994.0     364.875000
 1994.0     364.875000          1994.0     364.916656
 1994.0     364.916656          1994.0     364.958344
 1994.0     364.958344          1994.0     365.000000
 1994.0     365.000000          1994.0     365.041656
 1994.0     365.041656          1994.0     365.083344
 1994.0     365.083344          1994.0     365.125000
 1994.0     365.125000          1994.0     365.166656
 1994.0     365.166656          1994.0     365.208344
 1994.0     365.208344          1994.0     365.250000
 1994.0     365.250000          1994.0     365.291656
 1994.0     365.291656          1994.0     365.333344
 1994.0     365.333344          1994.0     365.375000
 1994.0     365.375000          1994.0     365.416656
 1994.0     365.416656          1994.0     365.458344
 1994.0     365.458344          1994.0     365.500000
 1994.0     365.500000          1994.0     365.541656
 1994.0     365.541656          1994.0     365.583344
 1994.0     365.583344          1994.0     365.625000
 1994.0     365.625000          1994.0     365.666656
 1994.0     365.666656          1994.0     365.708344
 1994.0     365.708344          1994.0     365.750000
 1994.0     365.750000          1994.0     365.791656
 1994.0     365.791656          1994.0     365.833344
 1994.0     365.833344          1994.0     365.875000
 1994.0     365.875000          1994.0     365.916656
 1994.0     365.916656          1994.0     365.958344
 1994.0     365.958344          1995.0       1.000000
